128
0
0,0,0,0,1,0,0,0,0,0,0,0
0
9
0,0,0,0,1,0,0,0,0,0,0,0
17
0
0,0,0,0,0,0,0,0,0,0,0,0
7
0
0,0,0,0,0,0,0,0,0,0,0,0
7
0
0,0,0,0,0,0,0,0,0,0,0,0
7
0
0,0,0,0,0,0,0,0,0,0,0,0
7
0
0,0,0,0,1,0,0,0,0,0,0,0
7
0
0,0,0,0,0,0,0,0,0,0,0,0
7
0
0,0,0,0,0,0,0,0,0,0,0,0
7
0
0,0,0,0,0,0,0,0,0,0,0,0
7
0
0,0,0,0,0,0,0,0,0,0,0,0
7
0
0,0,0,0,0,0,0,0,0,0,0,0
7
0
0,0,0,0,0,0,0,0,0,0,0,0
7
0
0,0,0,0,1,0,0,0,0,0,0,0
7
0
0,0,0,0,1,0,0,0,0,0,0,0
7
0
0,0,0,0,1,0,0,0,0,0,0,0
7
0
0,0,0,0,1,0,0,0,0,0,0,0
7
0
0,0,0,0,1,0,0,0,0,0,0,0
7
0
0,0,0,0,0,0,0,0,0,0,0,0
6
0
0,0,0,0,0,0,0,0,0,0,0,0
4
0
0,0,0,0,0,0,0,0,0,0,0,0
6
0
0,0,0,0,0,0,0,0,0,0,0,0
7
0
0,0,0,0,1,0,0,0,0,0,0,0
11
0
0,0,0,0,0,0,0,0,0,0,0,0
17
0
0,0,0,0,0,0,0,0,0,0,0,0
7
0
0,0,0,0,0,0,0,0,0,0,0,0
19
0
0,0,0,0,0,0,0,0,0,0,0,0
6
0
0,0,0,0,0,0,0,0,0,0,0,0
0
0
0,0,0,0,0,0,0,0,0,0,0,0
13
0
0,0,0,0,1,0,0,0,0,0,0,0
15
0
0,0,0,0,1,0,0,0,0,0,0,0
15
0
0,0,0,0,1,0,0,0,0,0,0,0
15
0
0,0,0,0,1,0,0,0,0,0,0,0
20
0
0,0,0,0,1,0,0,0,0,0,0,0
22
0
0,0,0,0,0,0,0,0,0,0,0,0
20
0
0,0,0,0,0,0,0,0,0,0,0,0
48
0
0,0,0,0,0,0,0,0,0,0,0,0
15
0
0,0,0,0,0,0,0,0,0,0,0,0
0
0
0,0,0,0,1,0,0,0,0,0,0,0
12
0
0,0,0,0,0,0,0,0,0,0,0,0
12
0
0,0,0,0,0,0,0,0,0,0,0,0
10
0
0,0,0,0,0,0,0,0,0,0,0,0
15
0
0,0,0,0,0,0,0,0,0,0,0,0
10
0
0,0,0,0,1,0,0,0,0,0,0,0
6
0
0,0,0,0,0,0,0,0,0,0,0,0
15
0
0,0,0,0,0,0,0,0,0,0,0,0
0
0
0,0,0,0,0,0,0,0,0,0,0,0
0
0
0,0,0,0,0,0,0,0,0,0,0,0
0
0
0,0,0,0,0,0,0,0,0,0,0,0
0
0
0,0,0,0,1,0,0,0,0,0,0,0
0
0
0,0,0,0,1,0,0,0,0,0,0,0
0
0
0,0,0,0,0,0,0,0,0,0,0,0
7
0
0,0,0,0,0,0,0,0,0,0,0,0
6
0
0,0,0,0,1,0,0,0,0,0,0,0
6
0
0,0,0,0,1,0,0,0,0,0,0,0
6
0
0,0,0,0,1,0,0,0,0,0,0,0
6
0
0,0,0,0,1,0,0,0,0,0,0,0
15
0
0,0,0,0,0,0,0,0,0,0,0,0
7
0
0,0,0,0,1,0,0,0,0,0,0,0
6
0
0,0,0,0,1,0,0,0,0,0,0,0
6
0
0,0,0,0,0,0,0,0,0,0,0,0
0
12
0,0,0,0,0,0,0,0,0,0,0,0
0
0
0,0,0,0,0,0,0,0,0,0,0,0
0
0
0,0,0,0,1,0,0,0,0,0,0,0
7
0
0,0,0,0,0,0,0,0,0,0,0,0
0
0
0,0,0,0,0,0,0,0,0,0,0,0
0
0
0,0,0,0,0,0,0,0,0,0,0,0
0
0
0,0,0,0,0,0,0,0,0,0,0,0
0
0
0,0,0,0,0,0,0,0,0,0,0,0
10
0
0,0,0,0,0,0,0,0,0,0,0,0
0
0
0,0,0,0,0,0,0,0,0,0,0,0
10
0
0,0,0,0,0,0,0,0,0,0,0,0
0
0
0,0,0,0,1,0,0,0,0,0,0,0
10
0
0,0,0,0,0,0,0,0,0,0,0,0
0
0
0,0,0,0,1,0,0,0,0,0,0,0
19
0
0,0,0,0,0,0,0,0,0,0,0,0
0
0
2,100,0,0,12,0,0,0,0,0,0,0
8
0
2,200,0,0,12,0,0,0,0,0,0,0
7
0
0,0,0,0,1,0,0,0,0,0,0,0
0
0
0,0,0,0,0,0,0,0,0,0,0,0
0
1
0,0,0,0,1,0,0,0,0,0,0,0
7
1
0,0,0,0,1,0,0,0,0,0,0,0
7
1
0,0,0,0,1,0,0,0,0,0,0,0
7
0
0,0,0,0,1,0,0,0,0,0,0,0
7
1
0,0,0,0,1,0,0,0,0,0,0,0
7
1
0,0,0,0,1,0,0,0,0,0,0,0
7
1
0,0,0,0,1,0,0,0,0,0,0,0
7
1
0,0,0,0,1,0,0,0,0,0,0,0
7
0
0,0,0,0,0,0,0,0,0,0,0,0
8
0
0,0,0,0,0,0,0,0,0,0,0,0
8
0
0,0,0,0,0,0,0,0,0,0,0,0
8
0
0,0,0,0,0,0,0,0,0,0,0,0
8
0
0,0,0,0,0,0,0,0,0,0,0,0
8
0
0,0,0,0,0,0,0,0,0,0,0,0
8
0
0,0,0,0,0,0,0,0,0,0,0,0
8
0
0,0,0,0,1,0,0,0,0,0,0,0
0
1
0,0,0,0,1,0,0,0,0,0,0,0
7
1
0,0,0,0,1,0,0,0,0,0,0,0
7
1
0,0,0,0,1,0,0,0,0,0,0,0
7
0
0,0,0,0,1,0,0,0,0,0,0,0
7
1
0,0,0,0,1,0,0,0,0,0,0,0
7
0
0,0,0,0,2,0,0,0,0,0,0,0
7
0
0,0,0,0,0,0,0,0,0,0,0,0
7
0
0,0,0,0,0,0,0,0,0,0,0,0
7
0
0,0,0,0,0,0,0,0,0,0,0,0
7
0
1,0,1,0,14,0,0,0,0,0,0,0
0
0
0,0,0,0,0,0,0,0,0,0,0,0
0
0
0,0,0,0,0,0,0,0,0,0,0,0
12
0
0,0,0,0,0,0,0,0,0,0,0,0
12
0
30,136,19,0,8,0,0,0,0,0,0,0
14
0
0,0,2,0,24,0,0,0,0,0,0,0
12
0
2,0,1,0,12,0,0,0,0,0,0,0
0
1
0,0,0,0,1,0,0,0,0,0,0,0
7
1
0,0,0,0,1,0,0,0,0,0,0,0
7
1
0,0,0,0,1,0,0,0,0,0,0,0
7
0
0,0,0,0,0,0,0,0,0,0,0,0
8
1
0,0,0,0,1,0,0,0,0,0,0,0
7
25
1,0,0,0,24,0,0,0,0,0,0,0
0
25
2,0,0,0,24,0,0,0,0,0,0,0
0
25
3,0,0,0,24,0,0,0,0,0,0,0
0
25
4,0,0,0,24,0,0,0,0,0,0,0
0
27
1,0,0,0,0,0,0,0,0,0,0,0
14
27
2,0,0,0,0,0,0,0,0,0,0,0
2
27
3,0,0,0,0,0,0,0,0,0,0,0
4
27
4,0,0,0,0,0,0,0,0,0,0,0
1
32
0,0,0,0,0,0,0,0,0,0,0,0
0
32
1,0,0,0,0,0,0,0,0,0,0,0
0
31
0,0,0,0,0,0,0,0,0,0,0,0
9
