128
26
1,0,0,0,1,0,0,0,0,0,0,0
0
0
0,0,0,0,0,0,0,0,0,0,0,0
0
0
0,0,0,0,0,0,0,0,0,0,0,0
0
0
0,0,0,0,0,0,0,0,0,0,0,0
0
13
1,0,0,0,0,0,0,0,0,0,0,0
0
0
0,0,0,0,0,0,0,0,0,0,0,0
0
0
0,0,0,0,0,0,0,0,0,0,0,0
0
0
0,0,0,0,0,0,0,0,0,0,0,0
0
13
0,0,0,0,0,0,0,0,0,0,0,0
0
0
0,0,0,0,0,0,0,0,0,0,0,0
0
0
0,0,0,0,0,0,0,0,0,0,0,0
0
0
0,0,0,0,0,0,0,0,0,0,0,0
0
43
0,1,0,0,0,0,0,0,0,0,0,0
0
0
0,0,0,0,0,0,0,0,0,0,0,0
0
7
0,0,0,0,1,0,0,0,0,0,0,0
5
0
0,0,0,0,0,0,0,0,0,0,0,0
7
26
2,0,0,0,1,0,0,0,0,0,0,0
0
0
0,0,0,0,0,0,0,0,0,0,0,0
0
0
0,0,0,0,0,0,0,0,0,0,0,0
0
0
0,0,0,0,0,0,0,0,0,0,0,0
0
13
1,0,0,0,0,0,0,0,0,0,0,0
0
0
0,0,0,0,0,0,0,0,0,0,0,0
0
0
0,0,0,0,0,0,0,0,0,0,0,0
0
0
0,0,0,0,0,0,0,0,0,0,0,0
0
13
0,0,0,0,0,0,0,0,0,0,0,0
0
0
0,0,0,0,0,0,0,0,0,0,0,0
0
0
0,0,0,0,0,0,0,0,0,0,0,0
0
0
0,0,0,0,0,0,0,0,0,0,0,0
0
37
0,0,0,0,0,0,0,0,0,0,0,0
0
37
0,0,0,0,0,0,0,0,0,0,0,0
0
41
0,0,0,0,0,0,0,0,0,0,0,0
0
42
0,0,0,0,0,0,0,0,0,0,0,0
0
26
3,0,0,0,1,0,0,0,0,0,0,0
0
0
0,0,0,0,0,0,0,0,0,0,0,0
0
0
0,0,0,0,0,0,0,0,0,0,0,0
0
0
0,0,0,0,0,0,0,0,0,0,0,0
0
13
1,0,0,0,0,0,0,0,0,0,0,0
0
0
0,0,0,0,0,0,0,0,0,0,0,0
0
0
0,0,0,0,0,0,0,0,0,0,0,0
0
0
0,0,0,0,0,0,0,0,0,0,0,0
0
13
0,0,0,0,0,0,0,0,0,0,0,0
0
0
0,0,0,0,0,0,0,0,0,0,0,0
0
0
0,0,0,0,0,0,0,0,0,0,0,0
0
0
0,0,0,0,0,0,0,0,0,0,0,0
0
37
1,0,0,0,0,0,0,0,0,0,0,0
0
0
0,0,0,0,0,0,0,0,0,0,0,0
0
43
8,0,0,0,0,0,0,0,0,0,0,0
0
43
0,0,0,0,0,0,0,0,0,0,0,0
0
26
4,0,0,0,1,0,0,0,0,0,0,0
0
0
0,0,0,0,0,0,0,0,0,0,0,0
0
0
0,0,0,0,0,0,0,0,0,0,0,0
0
0
0,0,0,0,0,0,0,0,0,0,0,0
0
0
0,0,0,0,0,0,0,0,0,0,0,0
0
0
0,0,0,0,0,0,0,0,0,0,0,0
0
0
0,0,0,0,0,0,0,0,0,0,0,0
0
0
0,0,0,0,0,0,0,0,0,0,0,0
0
0
0,0,0,0,0,0,0,0,0,0,0,0
0
0
0,0,0,0,0,0,0,0,0,0,0,0
0
14
0,0,0,0,0,0,0,0,0,0,0,0
0
14
0,0,0,0,0,0,0,0,0,0,0,1
0
14
0,0,0,0,0,0,0,0,0,0,0,2
0
14
0,0,0,0,0,0,0,0,0,0,0,3
0
14
0,0,0,0,0,0,0,0,0,0,0,4
0
14
0,0,0,0,0,0,0,0,0,0,0,5
0
0
0,0,0,0,0,0,0,0,0,0,0,0
0
0
0,0,0,0,0,0,0,0,0,0,0,0
0
0
0,0,0,0,0,0,0,0,0,0,0,0
0
0
0,0,0,0,0,0,0,0,0,0,0,0
0
0
0,0,0,0,0,0,0,0,0,0,0,0
0
0
0,0,0,0,0,0,0,0,0,0,0,0
0
0
0,0,0,0,0,0,0,0,0,0,0,0
0
0
0,0,0,0,0,0,0,0,0,0,0,0
0
0
0,0,0,0,0,0,0,0,0,0,0,0
0
0
0,0,0,0,0,0,0,0,0,0,0,0
0
0
0,0,0,0,0,0,0,0,0,0,0,0
0
0
0,0,0,0,0,0,0,0,0,0,0,0
0
0
0,0,0,0,0,0,0,0,0,0,0,0
0
0
0,0,0,0,0,0,0,0,0,0,0,0
0
0
0,0,0,0,0,0,0,0,0,0,0,0
0
0
0,0,0,0,0,0,0,0,0,0,0,0
0
0
0,0,0,0,0,0,0,0,0,0,0,0
0
0
0,0,0,0,0,0,0,0,0,0,0,0
0
0
0,0,0,0,0,0,0,0,0,0,0,0
0
0
0,0,0,0,0,0,0,0,0,0,0,0
0
0
0,0,0,0,0,0,0,0,0,0,0,0
0
0
0,0,0,0,0,0,0,0,0,0,0,0
0
0
0,0,0,0,0,0,0,0,0,0,0,0
0
0
0,0,0,0,0,0,0,0,0,0,0,0
0
0
0,0,0,0,0,0,0,0,0,0,0,0
0
0
0,0,0,0,0,0,0,0,0,0,0,0
0
0
0,0,0,0,0,0,0,0,0,0,0,0
0
17
0,0,50,0,4,0,0,0,0,0,0,0
0
17
0,0,20,0,4,0,0,0,0,0,0,0
0
17
0,0,1,0,4,0,0,0,0,0,0,0
0
39
0,0,0,0,0,0,0,0,0,0,0,0
0
0
0,0,0,0,0,0,0,0,0,0,0,0
0
19
0,0,0,0,28,0,0,0,0,0,0,0
0
29
5,0,0,0,8,0,0,0,0,0,0,0
0
0
0,0,0,0,0,0,0,0,0,0,0,0
0
0
0,0,0,0,0,0,0,0,0,0,0,0
0
15
0,0,0,0,0,0,0,0,0,0,0,105
0
15
0,0,0,0,0,0,0,0,0,0,0,111
0
15
0,0,0,0,0,0,0,0,0,0,1,94
0
15
0,0,0,0,0,0,0,0,0,0,0,0
0
15
0,0,0,0,0,0,0,0,0,0,0,0
0
15
0,0,0,0,0,0,0,0,0,0,2,112
0
15
0,0,0,0,0,0,0,0,0,0,2,63
0
15
0,0,0,0,0,0,0,0,0,0,1,91
0
15
0,0,0,0,0,0,0,0,0,0,1,92
0
15
0,0,0,0,0,0,0,0,0,0,1,93
0
15
0,0,0,0,0,0,0,0,0,0,0,0
0
15
0,0,0,0,0,0,0,0,0,0,0,0
0
8
0,0,0,0,0,0,0,0,0,0,0,0
0
8
1,0,0,0,0,0,0,0,0,0,0,0
0
8
2,0,0,0,0,0,0,0,0,0,0,0
0
8
3,0,0,0,0,0,0,0,0,0,0,0
0
15
0,0,0,0,0,0,0,0,0,0,0,0
0
15
0,0,0,0,0,0,0,0,0,0,1,58
0
15
0,0,0,0,0,0,0,0,0,0,1,59
0
15
0,0,0,0,0,0,0,0,0,0,1,60
0
15
0,0,0,0,0,0,0,0,0,0,1,61
0
15
0,0,0,0,0,0,0,0,0,0,1,62
0
15
0,0,0,0,0,0,0,0,0,0,1,63
0
15
0,0,0,0,0,0,0,0,0,0,2,102
0
15
0,0,0,0,0,0,0,0,0,0,5,0
0
15
0,0,0,0,0,0,0,0,0,0,0,109
0
15
0,0,0,0,0,0,0,0,0,0,1,97
0
15
0,0,0,0,0,0,0,0,0,0,0,127
0
