128
28
1,2,0,0,0,0,0,0,0,0,0,0
0
0
0,0,0,0,0,0,0,0,0,0,0,0
0
0
0,0,0,0,0,0,0,0,0,0,0,0
0
0
0,0,0,0,0,0,0,0,0,0,0,0
0
0
0,0,0,0,0,0,0,0,0,0,0,0
0
0
0,0,0,0,0,0,0,0,0,0,0,0
0
0
0,0,0,0,0,0,0,0,0,0,0,0
0
0
0,0,0,0,0,0,0,0,0,0,0,0
0
0
0,0,0,0,0,0,0,0,0,0,0,0
0
0
0,0,0,0,0,0,0,0,0,0,0,0
0
0
0,0,0,0,0,0,0,0,0,0,0,0
0
0
0,0,0,0,0,0,0,0,0,0,0,0
0
0
0,0,0,0,0,0,0,0,0,0,0,0
0
0
0,0,0,0,0,0,0,0,0,0,0,0
0
0
0,0,0,0,0,0,0,0,0,0,0,0
0
0
0,0,0,0,0,0,0,0,0,0,0,0
0
0
0,0,0,0,0,0,0,0,0,0,0,0
0
0
0,0,0,0,0,0,0,0,0,0,0,0
0
0
0,0,0,0,0,0,0,0,0,0,0,0
0
0
0,0,0,0,0,0,0,0,0,0,0,0
0
0
0,0,0,0,0,0,0,0,0,0,0,0
0
0
0,0,0,0,0,0,0,0,0,0,0,0
0
0
0,0,0,0,0,0,0,0,0,0,0,0
0
0
0,0,0,0,0,0,0,0,0,0,0,0
0
0
0,0,0,0,0,0,0,0,0,0,0,0
0
0
0,0,0,0,0,0,0,0,0,0,0,0
0
0
0,0,0,0,0,0,0,0,0,0,0,0
0
0
0,0,0,0,0,0,0,0,0,0,0,0
0
0
0,0,0,0,0,0,0,0,0,0,0,0
0
0
0,0,0,0,0,0,0,0,0,0,0,0
0
0
0,0,0,0,0,0,0,0,0,0,0,0
0
0
0,0,0,0,0,0,0,0,0,0,0,0
0
28
0,3,0,0,0,0,0,0,0,0,0,0
0
0
0,0,0,0,0,0,0,0,0,0,0,0
0
0
0,0,0,0,0,0,0,0,0,0,0,0
0
0
0,0,0,0,0,0,0,0,0,0,0,0
0
0
0,0,0,0,0,0,0,0,0,0,0,0
0
0
0,0,0,0,0,0,0,0,0,0,0,0
0
0
0,0,0,0,0,0,0,0,0,0,0,0
0
0
0,0,0,0,0,0,0,0,0,0,0,0
0
0
0,0,0,0,0,0,0,0,0,0,0,0
0
0
0,0,0,0,0,0,0,0,0,0,0,0
0
0
0,0,0,0,0,0,0,0,0,0,0,0
0
0
0,0,0,0,0,0,0,0,0,0,0,0
0
0
0,0,0,0,0,0,0,0,0,0,0,0
0
0
0,0,0,0,0,0,0,0,0,0,0,0
0
0
0,0,0,0,0,0,0,0,0,0,0,0
0
0
0,0,0,0,0,0,0,0,0,0,0,0
0
0
0,0,0,0,0,0,0,0,0,0,0,0
0
0
0,0,0,0,0,0,0,0,0,0,0,0
0
0
0,0,0,0,0,0,0,0,0,0,0,0
0
0
0,0,0,0,0,0,0,0,0,0,0,0
0
0
0,0,0,0,0,0,0,0,0,0,0,0
0
0
0,0,0,0,0,0,0,0,0,0,0,0
0
0
0,0,0,0,0,0,0,0,0,0,0,0
0
0
0,0,0,0,0,0,0,0,0,0,0,0
0
0
0,0,0,0,0,0,0,0,0,0,0,0
0
0
0,0,0,0,0,0,0,0,0,0,0,0
0
0
0,0,0,0,0,0,0,0,0,0,0,0
0
0
0,0,0,0,0,0,0,0,0,0,0,0
0
0
0,0,0,0,0,0,0,0,0,0,0,0
0
0
0,0,0,0,0,0,0,0,0,0,0,0
0
0
0,0,0,0,0,0,0,0,0,0,0,0
0
0
0,0,0,0,0,0,0,0,0,0,0,0
0
0
0,0,0,0,2,0,0,0,0,0,0,0
0
0
0,0,0,0,0,0,0,0,0,0,0,0
0
0
0,0,0,0,0,0,0,0,0,0,0,0
0
0
0,0,0,0,0,0,0,0,0,0,0,0
0
0
0,0,0,0,0,0,0,0,0,0,0,0
0
0
0,0,0,0,0,0,0,0,0,0,0,0
0
0
0,0,0,0,0,0,0,0,0,0,0,0
0
0
0,0,0,0,0,0,0,0,0,0,0,0
0
0
0,0,0,0,0,0,0,0,0,0,0,0
0
0
0,0,0,0,0,0,0,0,0,0,0,0
0
0
0,0,0,0,0,0,0,0,0,0,0,0
0
0
0,0,0,0,0,0,0,0,0,0,0,0
0
0
0,0,0,0,0,0,0,0,0,0,0,0
0
0
0,0,0,0,0,0,0,0,0,0,0,0
0
0
0,0,0,0,0,0,0,0,0,0,0,0
0
0
0,0,0,0,0,0,0,0,0,0,0,0
0
0
0,0,0,0,2,0,0,0,0,0,0,0
0
0
0,0,0,0,0,0,0,0,0,0,0,0
0
0
0,0,0,0,0,0,0,0,0,0,0,0
0
0
0,0,0,0,0,0,0,0,0,0,0,0
0
0
0,0,0,0,0,0,0,0,0,0,0,0
0
0
0,0,0,0,0,0,0,0,0,0,0,0
0
0
0,0,0,0,0,0,0,0,0,0,0,0
0
0
0,0,0,0,0,0,0,0,0,0,0,0
0
0
0,0,0,0,0,0,0,0,0,0,0,0
0
0
0,0,0,0,0,0,0,0,0,0,0,0
0
0
0,0,0,0,0,0,0,0,0,0,0,0
0
0
0,0,0,0,0,0,0,0,0,0,0,0
0
0
0,0,0,0,0,0,0,0,0,0,0,0
0
0
0,0,0,0,0,0,0,0,0,0,0,0
0
0
0,0,0,0,0,0,0,0,0,0,0,0
0
0
0,0,0,0,0,0,0,0,0,0,0,0
0
0
0,0,0,0,2,0,0,0,0,0,0,0
0
0
0,0,0,0,0,0,0,0,0,0,0,0
0
0
0,0,0,0,0,0,0,0,0,0,0,0
0
0
0,0,0,0,0,0,0,0,0,0,0,0
0
0
0,0,0,0,0,0,0,0,0,0,0,0
0
0
0,0,0,0,0,0,0,0,0,0,0,0
0
0
0,0,0,0,1,0,0,0,0,0,0,0
0
0
0,0,0,0,1,0,0,0,0,0,0,0
0
0
0,0,0,0,0,0,0,0,0,0,0,0
0
0
0,0,0,0,0,0,0,0,0,0,0,0
0
0
0,0,0,0,0,0,0,0,0,0,0,0
0
0
0,0,0,0,0,0,0,0,0,0,0,0
0
0
0,0,0,0,0,0,0,0,0,0,0,0
0
0
0,0,0,0,0,0,0,0,0,0,0,0
0
0
0,0,0,0,1,0,0,0,0,0,0,0
0
0
0,0,0,0,1,0,0,0,0,0,0,0
0
0
0,0,0,0,2,0,0,0,0,0,0,0
0
0
0,0,0,0,0,0,0,0,0,0,0,0
0
0
0,0,0,0,0,0,0,0,0,0,0,0
0
0
0,0,0,0,0,0,0,0,0,0,0,0
0
0
0,0,0,0,2,0,0,0,0,0,0,0
0
0
0,0,0,0,0,0,0,0,0,0,0,0
0
0
0,0,0,0,0,0,0,0,0,0,0,0
0
0
0,0,0,0,0,0,0,0,0,0,0,0
0
0
0,0,0,0,0,0,0,0,0,0,0,0
0
0
0,0,0,0,0,0,0,0,0,0,0,0
0
0
0,0,0,0,0,0,0,0,0,0,0,0
0
0
0,0,0,0,0,0,0,0,0,0,0,0
0
0
0,0,0,0,0,0,0,0,0,0,0,0
0
0
0,0,0,0,0,0,0,0,0,0,0,0
0
0
0,0,0,0,1,0,0,0,0,0,0,0
0
0
0,0,0,0,1,0,0,0,0,0,0,0
0
